
====================================================================================================
(A1) RAW P_LOGO_CHURN by horizon — ALL months
====================================================================================================
 HORIZON     N   ATR_M  PRED_PCT  ACTUAL_PCT  GAP_PP  AUC_UW  AUC_WT  BRIER   ECE
       0 12361 245.300    12.310      16.410  -4.100   0.818   0.713  0.125 0.064
       1 12361 245.300    11.860      16.410  -4.550   0.802   0.701  0.126 0.065
       2 12361 245.300    11.200      16.410  -5.210   0.790   0.694  0.128 0.066
       3 12361 245.300    10.750      16.410  -5.660   0.783   0.694  0.127 0.064
       4 12361 245.300    10.420      16.410  -5.990   0.768   0.680  0.127 0.064
       5 12361 245.300    10.520      16.410  -5.890   0.762   0.670  0.128 0.067
       6 12361 245.300    10.620      16.410  -5.780   0.755   0.659  0.129 0.064


====================================================================================================
(A2) RAW P_FULL_RENEWAL by horizon — ALL months
====================================================================================================
 HORIZON     N   ATR_M  PRED_PCT  ACTUAL_PCT  GAP_PP  AUC_UW  AUC_WT  BRIER   ECE
       0 12361 245.300    65.830      53.360  12.470   0.802   0.783  0.210 0.125
       1 12361 245.300    66.240      53.360  12.880   0.791   0.776  0.214 0.130
       2 12361 245.300    66.460      53.360  13.100   0.776   0.769  0.217 0.131
       3 12361 245.300    66.620      53.360  13.260   0.768   0.768  0.217 0.133
       4 12361 245.300    66.620      53.360  13.260   0.753   0.764  0.218 0.133
       5 12361 245.300    66.750      53.360  13.390   0.750   0.761  0.219 0.134
       6 12361 245.300    66.760      53.360  13.400   0.744   0.756  0.221 0.134


====================================================================================================
(C1) CALIBRATED P_LOGO_CAL_R by horizon — HOLDOUT (Mar-May 2026)
====================================================================================================
 HORIZON    N   ATR_M  PRED_PCT  ACTUAL_PCT  GAP_PP  AUC_UW  AUC_WT  BRIER   ECE
       0 5996 122.400    19.510      16.400   3.100   0.807   0.700  0.121 0.050
       1 5996 122.400    19.520      16.400   3.120   0.788   0.673  0.126 0.054
       2 5996 122.400    19.270      16.400   2.870   0.774   0.675  0.129 0.056
       3 5996 122.400    18.370      16.400   1.960   0.772   0.667  0.126 0.048
       4 5996 122.400    16.400      16.400   0.000   0.749   0.657  0.124 0.028
       5 5996 122.400    15.870      16.400  -0.530   0.746   0.682  0.124 0.030
       6 5996 122.400    16.110      16.400  -0.290   0.735   0.638  0.126 0.036


====================================================================================================
(C2) CALIBRATED P_FULL_CAL_R by horizon — HOLDOUT (Mar-May 2026)
====================================================================================================
 HORIZON    N   ATR_M  PRED_PCT  ACTUAL_PCT  GAP_PP  AUC_UW  AUC_WT  BRIER   ECE
       0 5996 122.400    52.680      50.580   2.100   0.794   0.788  0.189 0.039
       1 5996 122.400    52.840      50.580   2.260   0.779   0.777  0.192 0.048
       2 5996 122.400    53.330      50.580   2.750   0.767   0.772  0.197 0.049
       3 5996 122.400    53.330      50.580   2.750   0.757   0.776  0.194 0.036
       4 5996 122.400    53.140      50.580   2.560   0.744   0.772  0.192 0.034
       5 5996 122.400    53.590      50.580   3.010   0.739   0.765  0.196 0.032
       6 5996 122.400    53.690      50.580   3.120   0.733   0.763  0.195 0.043


====================================================================================================
(D) BUDGET NEUTRALITY by horizon — HOLDOUT
====================================================================================================
 HORIZON    N   ATR_M  ACTUAL_PCT  CURRENT_PCT  CALIBRATED_PCT  CURRENT_GAP_PP  NEW_GAP_PP  CURRENT_$M_OFF  NEW_$M_OFF
       0 5996 122.400      72.720       70.620          72.000          -2.100      -0.720          -2.600      -0.900
       1 5996 122.400      72.720       70.830          72.210          -1.880      -0.510          -2.300      -0.600
       2 5996 122.400      72.720       71.040          72.850          -1.670       0.130          -2.000       0.200
       3 5996 122.400      72.720       71.260          73.510          -1.460       0.790          -1.800       1.000
       4 5996 122.400      72.720       71.380          74.830          -1.340       2.120          -1.600       2.600
       5 5996 122.400      72.720       71.390          75.360          -1.320       2.640          -1.600       3.200
       6 5996 122.400      72.720       71.370          75.200          -1.340       2.490          -1.600       3.000
